7780812: 8 204 1 59 366 16
4571167: 40 86 23 132 7
10387964196: 3 99 7 9 99 5 4 96 41 9 7
2564794: 3 1 641 7 86 4 1 3
707818803: 34 656 1 409 24 85 1
35441062: 8 3 1 364 3 3 6 6 773 1 7
28644: 43 99 46 77 2
206255659: 55 625 941 2 6
13503056: 21 1 66 91 8 2 4 24 83
1126406052: 2 99 57 3 2 1 47 3 8 2 50
1330: 1 8 6 8 9
3407292461: 97 5 61 97 9 167 7 46 4
2891773: 4 803 27 81 9
5749267952: 4 27 8 427 78 6 1 7 373
488720845: 512 28 5 1 954
2561802992641: 7 41 1 54 3 720 9 296 8
229572441: 629 7 869 4 6
179760753: 85 78 7 885 7 569 6
806642157794: 672 31 6 1 160 57 242
358281075197: 846 5 847 134 617 95
342016891916: 91 9 29 17 1 2 9 8 2 7 14
1309152: 708 8 570 21 4 5
158201: 36 135 925 19 5
8459: 836 9 9
358261919652: 6 2 2 1 3 2 757 7 91 3 76
15090313022: 277 38 672 874 544
489: 7 8 3 6 2
11292858246: 41 630 98 93 3 3 3 97
49809068987: 3 561 2 9 5 9 2 8 2 1 7 84
9179: 75 9 2 985 602
21026492251: 700 13 8 66 3 3 922 50
13871882: 529 4 517 26 441
12102281: 15 27 6 5 10 71 46 1 7 9
694740250: 6 94 7 40 10 7 3 56 77 9
599701273686: 8 48 1 86 1 7 4 2 736 86
3784: 3 41 204 51 1
21245261: 236 9 50 2 58
2402633760: 58 2 6 2 86 8 1 5 2 8 2 8
13674: 5 4 74 393 4
1682678: 39 24 89 3 5 78
220786769: 885 1 8 8 2 874 4 47 8 7
1009698: 62 2 5 1 811
47772073: 682 3 1 573 7 61
1680743: 1 7 94 9 749 68 1 9 4 1 2
3984313369: 4 990 24 313 371
25300956: 5 4 316 5 2 39 4
670014687: 9 456 2 6 5 4 2 2 2 3 5 6
8048754: 31 5 5 8 93 9 64 6 3 9 7
1100950422: 917 2 5 3 7 2 4 5 46 3 4 2
7930833540: 7 9 26 2 8 3 889 62 6 5
2560177235: 54 64 81 1 81 8 57 2
3197868660390: 9 5 1 8 5 973 6 28 5 78 5
797967: 74 1 1 1 2 6 7 23 53
31800381: 683 8 45 2 462
74503972: 4 6 74 3 99 7 73 6 7 4 1
1883356738: 14 582 3 4 7 9 5 41 5 9
1122843692: 7 5 8 7 802 4 1 2 1 59 9 9
618640525: 1 63 1 8 94 440 527
1431: 768 6 102 53 465 39
3651582565: 80 285 1 57 3 3 6 86 6 4
5275893: 961 3 5 366 5
8543031603: 47 7 84 668 10 259
28824872722: 6 776 6 838 619
37958928: 1 3 8 2 2 7 1 7 9 2 51 36
543002: 3 620 150 4
83584938: 8 357 5 9 941
168365: 97 6 22 15 272
13069: 8 2 8 5 8 69 906 3 6 8 4 9
215258168915: 331 65 10 813 3 8 917
551991910: 4 53 98 71 7 21 190 6 6
5571653: 8 4 8 7 1 59 425 306 8 5
12131355: 98 3 356 302 5 3
3888122: 8 8 8 6 122
385113961: 705 8 174 54 1
1986229248288: 7 3 6 9 4 698 4 7 20 7 4 6
1264569607: 969 3 971 8 6 2 8 8 56 7
2541221460: 3 6 60 6 682 9 84 5 457
4384372: 410 4 280 3 7 4
198714684916: 35 3 249 6 5 2 42 91 9
8940765: 2 980 244 1 6 3 15
83837925: 5 972 1 2 5 15 57 517 4
703676: 2 9 5 9 54 3 65 38 538
42961723002: 17 2 841 2 64 2 9 33
5646535697: 13 86 5 56 4 7 1 6 569 7
117727390611597: 218 41 81 644 550 98
56133: 1 9 9 81 7
483448142: 37 514 9 93 308 3 2 37
2184449: 34 9 5 646 8 34 3 4 71 3
915886: 23 5 88 9 8 1 540 7 30 9
6880853056: 802 90 857 55 1
294481305088: 467 3 4 9 4 77 5 78 7 7 1
347053408060646: 601 96 27 759 9 844 9
665024: 949 2 7 2 56 1 5
131: 2 5 44 9 2 64
521990966728: 832 256 64 3 6 98
889: 6 2 4 56 7
367895094465: 6 613 950 9 44 65
3170570: 539 5 9 223 65
14894896789: 25 2 5 8 3 6 9 7 67 89
48911612401: 9 8 448 8 1 248 8 5 35 6
6952188752: 6 630 88 61 209
252428430: 7 6 9 795 2 35 2 3 6 8 4
11938840: 746 4 7 4 3 9
976937: 88 9 6 888 49
326445181: 29 1 2 8 272 3 4 517 3 6
32749919: 5 320 18 9 38
36329555157: 46 8 478 1 4 4 58 403 7
322: 3 2 2 3 18 7 5
46079: 6 6 9 957 122
113: 62 7 34 7
27533452832: 9 77 254 143 2 9 323 8
16814501284: 4 9 932 1 9 4 5 4 7 2 862
2738: 5 38 12 88 9 1 9 1 347 4
11050695: 6 5 253 7 34 662 33
1085990967: 46 9 5 262 968
15973276: 638 462 469 25 1
1356542888: 8 942 344 180 965
109483025: 3 3 1 4 52 316 6 2 838 2
513900276: 49 8 1 3 6 1 50 273
3165348547: 8 697 9 632 455 745
5109729: 5 5 1 41 8 7 2 523 3 3 4 9
1189621: 2 50 931 8 617 4
662365725: 3 85 3 7 7 3 918 9 86
87919206658: 4 9 964 71 5 3 940 335
648: 4 11 635
7705: 4 5 8 4 960 1 7 690 63 7
5832992: 79 83 9 166 49 33 4
47747: 460 17 49
5112274: 58 8 11 8 274
62848: 87 9 5 4 556 4 4 8
772524538: 8 1 5 3 5 36 7 3 188 81 1
3457728: 7 43 605 7 4 522
109924066: 1 64 5 2 79 3 132 6 3 1 5
9650055: 429 4 531 97 3 58
928253: 5 18 1 256 7
7130057: 3 14 8 7 13 51 22 935
140848: 14 7 63 83 2 1 1 2 6 15
187311: 3 230 1 6 9 9 45 5 48 63
1268: 5 78 254 794 58 76
204939633: 8 481 132 33 95 1 33
1575825674865: 6 9 6 5 2 849 497 3 355
117: 9 1 24 44 41
768528332: 48 712 3 5 52 824 9 2
349973: 34 225 771 1 9
43669081384243: 65 43 9 868 692 5 6 4 6
12676542351: 3 5 3 722 4 7 4 661 86 8
2806598: 506 55 320 5 1
264681119: 8 785 2 375 3 117
37144119: 86 1 88 7 44 7 7 99 6 6
7309491: 412 45 7 5 394
62449845: 3 95 69 4 1 7 92 1 6 91 6
1352472254: 1 3 384 9 88 142 110
2065783914: 171 56 91 83 911
457753106: 40 5 7 7 52 924 182
164285712: 325 3 55 8 13 5 1 88 24
4549: 4 450 99
2323795: 6 4 52 6 36 858
5343319828135: 763 331 4 5 2 401 3 6 7
882595: 8 1 3 9 255 5 7 70 8 1 2 3
6254258: 8 2 13 3 407 664 354 8
369570: 13 350 1 5 570
742976095: 12 2 2 95 64 95
752594090: 217 3 40 1 91 7 488 59
1910493: 87 291 266 19 82
6492983573: 54 30 428 29 86 21
771987931: 3 8 1 67 900 9 661 82
3832157005: 47 4 7 47 29 7 7 7 5 29
12087284004: 3 1 7 3 6 9 4 3 8 3 542 43
303319: 936 9 1 6 5 2 1 1 6 7
66626612971: 2 6 1 9 72 2 215 3 8 8 2 9
15095866: 7 5 60 6 4 4 8 7 8 8 50
22924333853: 643 89 83 82 1 4 8 5 5 4
21670776754: 5 5 3 8 4 88 786 40 8 4 9
31106600: 25 41 18 7 680
746113957: 39 344 8 474 9 4
32635: 4 6 76 1 31 5 1 8 8 1 986
345920372: 10 810 80 93 4
266623: 3 4 4 2 118 624
315249285854: 31 5 249 2 85 85 6 1
357243: 271 9 77 240
4056941: 7 6 16 6 3 6 46 4 2 5 37 2
2814: 9 3 1 7 3
3112293: 342 91 91
24044: 20 678 567 19 7
864249: 25 29 16 23 5 14
114379517929: 61 5 75 9 5 17 853 73
1223996137: 9 5 2 3 5 759 90 8 8 887
70020279998: 2 3 39 40 7 3 88 550 74
2016058: 5 3 55 1 9 8 280 2 14 2 3
21036: 460 520 39 32 8 2
184521: 109 7 4 3 4 5 2 5 50 7 8 6
8854722472: 72 80 28 8 8 9 1 4 478
68882273: 68 87 59 63 70
4775847: 4 767 8 690 157
52496657718: 2 8 8 620 7 3 27 1 6 9 5 4
817771: 6 2 9 3 945 64 5 5
709598: 699 19 956 84 8
114774660767: 4 84 7 585 572 765
62726410774: 9 12 5 4 640 118 8 9 9
300: 9 16 9 44
72039: 340 3 3 7 8
16643031388: 77 2 6 6 1 27 9 5 59 1 3 6
4119222: 8 903 2 7 57
45831793: 9 870 67 521 984
58905350: 5 9 5 99 352
139341664: 51 17 6 5 27 8 1 48 6 2 8
102792824398: 7 3 279 2 8 1 6 8 383 8 5
6994: 671 25 7 26
1707: 7 8 8 9 16 9 79 9 86 23 5
280253937: 9 341 7 9 80 3
9605504: 7 78 33 88 808
45610: 1 621 11 4 5 9 1 1 2 7 7
5558: 5 8 4 5 83
23045282644: 35 13 820 33 4 1 2 5
78723586944: 53 191 60 8 4 2 6 4 37
443678580: 754 64 2 748 918
249177926: 2 3 8 2 64 574 7 7 96 2 3
244864368029: 850 378 44 315 762
2103170: 1 7 26 489 5 1 5 3 404 7
8502265225: 280 97 668 453 637
32970: 4 5 772 7 76 27 37
103926: 9 3 60 38 1 8 64 2 12
19517830125: 1 8 8 8 9 753 8 5 9 1 25 5
2623536: 4 3 1 2 4 8 72 5 23 5 36
451879108: 5 1 9 4 87 98 4 92 29
4476: 2 3 895 4
1225104382: 8 7 907 8 9 3 5 3 67 136
2738274: 2 73 7 69 3 41 99 443 1
7279023: 8 4 70 42 53
29742: 5 12 95 2 8 64 1 961
6275: 3 4 46 48 928
2985069: 7 2 8 8 57 6 218 8 96 2 5
1303: 58 5 643 75 297
714048078: 7 4 949 803 5 48 72 7
3141176276: 2 8 7 323 8 1 3 37 2 73
239868213254: 89 67 33 705 322 9 3 4
269695020: 8 98 9 3 3 1 9 1 6 585 1 7
21133: 4 84 24 3 2 4 4
443822608: 3 88 9 8 33 888 6 2 9 9 5
403917: 696 58 9 3 80 3 20 9 31
185762282618: 18 57 622 81 922 696
210940464704: 7 220 6 37 722 96 617
117033: 7 1 2 5 26 35
75471644: 5 25 6 4 71 644
394056230652: 34 206 8 4 7 8 8 40 7 4 9
249751668482: 5 6 9 9 970 4 97 1 8 2 1 7
2212: 15 38 5 76 593
58702067: 36 60 25 5 9 59 3 6
3424413730: 7 8 137 93 610
48087732: 4 804 4 773 1
150365908588: 719 679 154 288 2 12
20107906: 290 97 595 58 7
9521094784: 1 2 686 842 5 9 2 810 2
54076: 7 8 512 2 3 17 1 324
7326527: 7 725 61 43 387
169509763: 844 9 5 132 3 5 9 4 1 2
209001602: 531 8 984 5 2
7869: 78 6 9
2440915: 8 9 7 653 6
15733970915: 4 861 9 9 8 9 9 5 5 2 28 4
47370912526: 80 2 900 7 549 7 916 6
19118489: 91 5 2 42 92
9040966: 8 824 153 63 967
147719448: 3 7 6 4 65 6 7 9 4 1 86 3
11021197: 6 5 566 31 2 963 3 9 7
44294322: 76 92 181 7 5 4
19494129793: 57 475 1 6 3 6 5 2 7 6 6 4
9556815244: 23 89 4 806 9 244
5451085837: 2 957 3 5 8 3 3 766 35 3
240063473: 2 41 777 2 641
12195: 2 7 3 189 8
8904: 957 3 47 49 3
1543132419: 57 8 2 1 3 79 68 7 8 1 1 2
13212706657: 8 148 9 71 9 6 9 6 3 9 6 4
3632196262: 7 9 38 31 5 1 19 6 265
230366245561: 8 4 7 597 8 40 879 1 4
18161109: 1 88 9 4 79 90 7
2675573: 74 3 36 7 73
490: 77 58 3 3 73
31346028045: 9 7 58 52 1 42 50 2 5 5 9
91722168: 29 888 218 2 88 80
24898715: 2 69 7 652 1 5 3 4 6 6 5
27035414: 8 5 665 87 8 3 3 3 6 9 3 2
509667438647: 5 7 91 41 1 4 59 5 5 8 8 7
9054980: 11 53 356 6 978
245610701: 1 1 45 3 95 215 641 62
4840002: 97 308 2 81 12 5 76
31904: 3 1 82 371
3612155: 70 82 5 711 55
4060: 7 57 7 1 63
23424: 1 146 16 6 4
1693015: 6 7 2 2 21 6 7 6 1 23 315
1545836: 686 839 482 5 77 61
10664: 5 91 11 4 6 7
403926878: 792 51 68 7 8
79596243344: 2 6 9 5 63 6 6 3 8 593 3 3
206280675: 384 44 41 80 16 67
18112461: 43 12 1 9 2 2 39
1456398204835: 676 96 847 254 35
1344633: 2 1 8 8 636
5959070362: 8 784 950 669 5 8 62
503260: 915 55 5 1 5
17849: 13 8 222 52 8 891
3701387523: 8 3 7 7 1 474 1 5 8 6 4
171231: 4 3 849 2 31
19016113719: 49 46 586 9 729
14155834: 13 2 17 938 7 76 53 2
39928: 77 4 4 6 121
9525173985: 9 58 26 7 994 8
83216359: 63 125 840 286 526
2073023101759: 94 90 49 64 65 589
9814168: 18 36 73 63 17 8
12172773: 209 719 9 2 9 801
2334810924: 778 270 301 3 22
29246170796314: 265 8 9 4 9 8 4 479 3 14
142732987: 41 14 35 71 939 87
13812801009: 1 298 739 29 16 4 9 1
1463253621: 40 31 363 5 6 9 52
805935954: 4 7 2 34 90 1 5 6 22 93
469930488773: 370 31 794 516 7 73
3234662819: 326 992 74 2 818
197215: 19 7 21 3
2672527509618: 685 50 867 9 96 17
496665004: 8 4 90 9 650 5
376433664: 30 2 633 248 543
5000074660: 760 851 659 67 98
228539502: 7 177 69 6 39 9 2 2
1599924195: 58 75 1 326 1 12 1 95
94186: 107 1 828 5 1 88
49372620: 45 656 3 40 231 7
428120052: 83 292 89 2 88 50
37505: 1 3 91 688 20 82
501946945: 7 717 3 91 13 65 36 6 3
28150754534: 6 61 3 6 16 67 3 45 3 6
939871812: 5 383 873 2 1 2
93547075: 86 35 741 98 271 4 40
20581705224: 5 8 8 8 7 3 66 1 3 4 19 5
6405520: 914 32 7 747 7
3596788: 877 4 1 1 87 73 3 50 7
30316467826: 6 81 7 24 5 2 5 535 31 3
682046097: 7 329 4 829 31 3
1386357039925: 65 81 7 9 40 3 5 57 7 2 5
223981525: 33 722 82 9 9
35245491: 1 294 88 52 919
16510690: 9 23 36 7 51 350 1 4 8
103952546352: 2 8 5 8 1 50 3 7 4 46 350
1047858874: 9 95 7 579 8 271 877
959774: 11 79 85 5 169 588 8 9
161032703165: 7 9 1 5 4 654 5 3 167
69427692: 10 882 472 509 68 23
1925252674: 273 953 28 74 4
30704490: 1 8 1 344 2 9 2 4 7 9 5 82
4323034: 30 1 7 50 558 196 133
70185781: 98 6 443 672 1 85
813143: 7 66 42 5 140
75181551269: 75 175 6 551 269
328827175: 35 786 1 1 8 39 5 76 75
271728535: 525 7 98 4 2 4 4 9 53 1 5
295849: 8 9 8 3 7 45 1 554 8 191
86507: 22 6 8 657 261 9 9 566
21212104074: 87 368 14 666 8 5 74
77531035: 9 54 4 624 258 49 392
4309521380: 85 845 2 6 9 383
96619723194: 1 80 514 3 1 7 3 4 3 1 9 4
9108: 8 212 1 41 58 6 3 4 7 3 7
40384643: 6 51 485 745 5 6 508 2
694515: 69 451 5
474319676837: 51 93 19 67 6 838
4824867: 4 5 559 3 849
3697150: 27 59 268 9 9 5
126079693536: 85 76 10 1 748 9 7 7 3 6
1011492: 3 2 938 3 39 9 99 1 704
610743265427: 4 225 8 678 6 2 65 42 5
33140363: 53 4 5 22 62
11621232044: 2 7 40 5 9 840 1 8 7 3 8 4
61469222: 6 6 8 1 92 5 1 4 345 7 15
20439757016: 48 15 8 742 4 8 54 4
501377: 5 58 188 7 831 2 6 8 5 9
260571: 28 23 62 1 23 4 2 7 1
685358911191: 85 669 863 899 8
43059238: 2 5 80 6 9 2 488 3 36 70
24993475: 33 212 94 99 38
46054008163449: 65 5 72 781 7 454 9 2 4
1023722083: 8 1 203 2 2 7 97 6 2 2 1 4
124097282: 129 2 536 8 6 2
120274: 3 4 81 1 154
30203531: 74 816 18 5 5 28
566236744293: 87 709 5 798 809
6372049: 20 4 59 45 48
39931652: 50 465 32 73 651
97: 87 4 8
378250: 7 549 7 9 50
17113832: 17 2 821 46 99
82063799: 40 3 7 4 967 1 5 360 7 3
730788: 7 19 2 8 8 9 5 287 945 2
1185372875: 264 449 3 9 873
3145335120: 3 1 453 35 117
546970: 6 93 2 787 5
1983136733: 90 64 8 72 7 871 491 6
67189: 629 4 424 9 1
233813964381: 49 22 188 4 13 87 7 6
19168239: 4 2 2 222 18 153 5 8 3 9
79828530338: 360 1 8 4 6 3 6 367 9 35
16949554: 9 5 11 2 59 59 7 4 5 6 3 2
431208231: 9 119 6 9 6 69 536 5 2 4
973: 9 13 58
226314575979: 6 1 6 332 5 9 4 1 9 6 4 99
181082506: 72 730 6 7 94 4 3 2 6 8 4
6219757568: 9 5 709 15 8 8 88 34 6 8
235864382940: 736 156 356 6 90
261398734: 3 66 547 409 9 76 7
13517241: 58 6 475 7 7 13 4 6 2 7
66539630664: 8 2 69 1 49 1 155 1 4 4 6
3829574829: 4 7 871 96 42 4 5 2 8 4
210872: 800 65 86 3 5 998 6 2
491639555: 278 41 860 7 87 4 8 8
3000446345: 71 418 3 337 5 4 6
238535178: 5 118 5 53 4 322 7 4 80
8287018777773: 274 98 87 437 4 866 3
4853715092217: 970 1 7 43 50 92 210 8
10400: 6 3 577 10 7
334724384: 8 1 2 487 8 81 840 341
831: 5 77 6 5
1708025: 540 2 315 4 5 5 630
1269313926: 28 2 5 347 7 6 9 2 444 8
184904693: 7 55 75 8 4 18 505 2 96
75131585: 75 51 796 5 9 7 5 396 2
549981: 7 4 46 6 21 6 5 9 72 6 1 2
4619908866429: 87 598 888 66 425 3
81234530822: 5 321 1 8 9 1 91 5 7 545
21949216: 71 3 3 9 1 1 603 7 8 5 2 9
3923705: 2 9 22 615 5
1513952: 987 9 1 8 5 38 6 9 3 9 1 4
60084313170: 862 99 9 8 238 2 46 88
64254966056: 3 96 2 32 52 23 9 301 9
1079: 5 2 987 81
538588: 8 972 3 7 35 6
3350421518: 84 5 44 4 1 428 9 5 12 6
9638460488609: 1 3 38 675 9 8 4 8 860 8
33605379642: 49 712 1 676 45
99011: 150 65 4 7 634 867
194175906: 49 7 55 402 7 8 8 90 5 1
48556303: 75 40 9 95 49 9
